[133.73253  133.19038  132.71046  132.39972  132.17102  131.90306
 131.5667   131.16435  130.74498  130.22662  129.63437  129.17609
 128.93199  128.50021  128.188    127.843666 127.309326 126.99477
 126.80769  126.6047   126.54139  126.590324 126.78957  127.11352
 127.414505 127.797356 128.17824  128.48389  128.85025  129.29346
 129.56644  129.90514  130.54971  131.28458  132.0155   132.80074
 133.45784  133.96861  134.46532  134.83295  135.08589  135.41513
 136.01396  137.30208  138.58142  138.95975  138.79903  138.54146
 138.37448  138.39299  138.39323  137.95058  137.67259  137.45403
 137.40518  137.46454  137.54828  137.5127   137.43307  137.51263
 137.2934   137.41057  137.7674   138.1862   138.5918   139.0124
 139.44385  139.90771  140.23357  140.65033  141.17609  141.74237
 142.35823  143.04169  143.76987  144.53105  145.09727  145.50775
 145.79921  145.93086  146.05779  146.22192  146.69128  147.1175
 147.48412  147.94139  148.32097  148.7538   149.00607  149.1527
 149.15623  149.50656  149.89049  150.44264  150.52122  150.68895
 151.0113   151.34332  151.73196  152.22499  152.7046   153.1101
 153.51007  153.7695   153.92107  154.23055  154.69772  156.56119
 158.06694  158.65135  158.38246  157.45006  157.29245  157.67108
 157.84048  158.31523  158.93369  159.63176  159.97902  160.52979
 161.0652   161.64854  162.32037  162.65347  163.25359  164.26242
 165.323    166.01001  166.53355  167.16934  167.8191   168.3839
 169.06204  170.2036   171.23578  172.3063   173.12454  173.79543
 174.53877  175.26247  175.96387  176.6695   177.15555  177.50989
 177.74179  178.12955  178.53625  179.02315  179.52095  179.88524
 180.30336  180.72252  181.23138  181.67543  182.30212  183.24869
 182.88924  181.85118  180.72308  179.90022  179.26633  178.57938
 177.98592  177.37741  176.64905  175.62302  174.30333  173.1426
 172.0859   170.75577  169.70087  168.93787  168.06145  167.51096
 167.19997  166.98534  167.1369   167.48831  167.64629  167.33536
 167.32701  167.81648  168.23135  168.32996  168.46635  168.05875
 167.93259  168.0927   168.1595   167.92227  167.62933  167.52158
 167.72711  167.48701  166.82988  165.8655   164.96844  164.23132
 163.64708  163.14417  162.71841  162.3118   161.69043  161.28069
 160.98796  160.88623  160.94145  161.1822   161.46426  161.66455
 161.92204  162.66487  163.31088  163.44806  163.2536   162.52693
 161.81248  161.41508  161.0786   160.35782  159.64986  159.26546
 159.17596  159.35974  159.55931  159.96977  160.4897   160.95686
 161.55663  162.35983  163.25507  164.41446  165.6984   166.8933
 168.24846  169.48294  170.57152  171.59477  172.74478  173.72357
 175.32845  176.59329  177.3198   177.56506  177.98358  178.58244
 179.34589  179.8591   180.19496  179.56479  179.68242  180.24998
 180.89987  181.6976   183.12544  184.48901  185.69197  186.37065
 186.92152  186.26491  185.09976  183.62141  182.42041  181.70477
 181.3141   180.86816  180.41528  179.90678  179.29353  178.78705
 177.96303  176.97409  176.20674  176.03308  175.92995  176.02104
 176.32304  176.72858  177.0222   177.19453  177.3328   177.32655
 177.43208  178.23705  178.87874  179.49472  179.84325  180.07266
 180.14824  180.13461  179.81364  179.5997   178.98463  178.28949
 177.47807  176.87416  176.42546  176.20831  175.96977  174.93872
 174.24155  173.25235  171.53333  170.0563   168.8367   167.85907
 167.15723  166.63753  166.1202   165.38132  164.26894  163.52298
 163.23889  162.9854   162.42058  162.08409  162.05779  161.94347
 161.97644  161.79495  161.6341   161.24939  160.88332  160.54567
 160.32156  160.0924   159.89517  159.87509  159.7755   158.99696
 158.31406  158.08072  158.15321  158.3083   157.96829  157.66168
 157.42076  157.26588  157.0798   156.88124  156.4919   156.28613
 156.25735  155.63739  154.99051  155.24857  155.8221   156.66809
 157.6128   158.43594  159.10004  159.92317  160.85574  161.89626
 163.12466  164.51746  166.04323  167.67584  169.10802  170.46005
 171.4261   172.1491   172.73972  173.43555  174.35503  175.46913
 176.39906  177.34615  178.36156  179.06921  179.59552  179.94737
 181.30276  183.15097  184.99495  186.79544  188.28545  188.00768
 189.2946   191.38098  193.55627  195.78357  197.49876  199.67523
 202.22522  204.54634  206.71439  208.81439  210.74321  212.65558
 214.41785  216.08316  217.73978  219.54634  221.02324  222.27419
 223.43132  224.65762  225.92969  227.28238  228.02345  228.34926
 228.46751  228.46333  228.44014  228.3455   227.77293  226.78862
 225.63272  224.3957   223.37965  222.5022   221.68167  220.95457
 220.44566  220.26529  220.39333  220.65453  221.018    221.37224
 221.65996  222.25731  222.9894   223.73409  224.45671  225.17258
 225.97777  227.28288  228.46532  229.20122  229.71414  229.98169
 230.14038  230.33543  230.43767  230.36552  229.78766  229.17485
 228.60852  228.16856  225.69803  225.25812  225.62776  226.12495
 226.64209  227.08464  227.63292  228.03224  228.52219  228.88933
 229.29912  229.83508  230.693    231.46185  231.93501  232.2375
 232.45782  232.53304  232.82242  233.15936  233.37901  233.81863
 234.29825  234.71587  235.0556   235.3371   235.70314  236.10164
 236.50725  236.96388  236.83473  236.38676  236.05626  235.60796
 235.3044   235.05812  234.88307  234.65181 ]